1.66545105276883
0.316683657846037
1.67442921884459
0.428982408686573
0.757560125860731
-0.574433988505967
0.459230687720741
-1.38929682011918
-0.477963686857594
-1.90040085423131
-0.49600666067518
-0.987198180134349
0.512958943389088
2.37553199225068
1.28570927540038
0.756516444801987
1.66461242685537
1.49798724117115
0.728471278087504
-0.4911190604943
0.416475530762013
1.34682529090859
0.375099490684891
0.625839073735826
-0.38191484063793
-0.115355665644712
0.751927450448854
0.956488996813982
-0.665658661149248
-0.104714041495638
-0.564719562254919
1.66114925560844
1.32692743301263
-1.01163876553055
1.96901236122534
-0.28769101667569
0.728437597973201
0.968570204099938
-1.26816365983128
1.75537049562436
-1.67372556886431
1.61254155265892
1.48518477754378
2.0237728836657
0.449264535565412
-0.449899079173169
0.0499729232586031
-0.828976647977274
2.05395670876156
-0.983500354941379
1.92068146077745
-0.408360971562018
0.585958528251555
0.637847755993768
1.18622232768948
0.125316190087497
2.88701403370808
1.51555814122254
1.2290287732574
-0.170387645436645
0.349031051259189
0.461686164929459
1.90743080134832
0.441707147626475
0.323514975374052
2.10341490352351
0.197435230315491
-0.619920075702489
-0.244736363187478
1.33491855282767
-0.0372022216844142
-0.511292783295571
0.224512637087651
0.848825166604191
1.30983623126222
0.75914460483122
3.14321505821908
0.793089035842932
0.346678777129048
0.976478566134864
1.22721423214884
-0.0918669438425601
-0.623354786404753
-0.0332498609154655
1.48123948150267
0.249365575927475
1.16589340268986
1.83932072054074
1.56022550484262
3.35996958791533
-0.424296240991913
0.487348716358013
0.935642572636927
-0.354680076565767
-0.447034972906517
0.150583733086993
-0.360306918120002
0.248581878913954
1.345139713349
-0.436310093989527
-0.636813519481972
0.813944639505219
1.35904860634747
1.55140859684875
-0.763904108926285
0.0218556598801814
-0.862865432815572
0.722489335791327
-0.213174099351976
-0.209988574605346
-0.493686487182018
2.34160299355339
-0.810289714887175
1.65027337256139
1.58127843791815
-0.891733463644287
0.317574130153329
-0.380706766416535
1.70786851736901
-0.443191341818533
-0.923773236499622
-0.407426115693626
2.35859014022855
2.41977629700438
2.56536009363235
2.924222636443
-1.32965445782963
1.24329870476708
1.07597324746532
0.567113139186466
1.03246501219982
3.2405271072839
2.68114530990188
-1.20551215128414
1.93385347598549
0.462570699245138
2.98517376756535
-0.889800254560545
-1.20062453890565
-0.0777760196043484
0.461081449146361
1.60040256178769
0.889782479320923
-0.324874641771105
1.30289719011499
0.322530374506619
0.102046359534043
-0.775472672507686
0.317871765162976
1.61417936492526
1.60424908968862
-0.897220164548041
3.99080182629213
-0.367911539860566
-0.381572626029736
0.508358821526429
0.709238322732563
-0.0238820768086331
0.303283544890557
0.973915818207113
1.59488584759649
1.47639317699418
1.2812024039193
-0.271399437497829
0.789129341627885
-0.212871060938611
-0.670483822541412
-0.537438816561863
0.821337331234792
1.26073184355853
0.825927005188177
0.308430008972929
-0.258781540884704
1.27915606752141
0.423934550119503
1.59556740990372
0.524488211438012
0.0229392408213558
1.44627290940198
-0.797149770877415
1.10987486861627
2.14565354014781
2.84804231278307
-1.0069768859369
0.236434530786006
-0.298801055971145
0.492486004250717
0.0318913751766143
-1.09751192835509
1.5380056843152
1.4751485916127
1.41991523904139
0.839089235173321
-0.334153520064702
1.73978485360141
-0.0507199608774945
0.758373949206479
0.0349909467703443
0.804090471754039
0.948606673473316
3.16075707056702
1.38316257537659
1.53842972599437
1.07155589927499
1.35357318896762
-1.50642064315548
1.83284659795786
2.36384983429313
0.839779149835648
2.57326402813752
1.15863847653047
1.29705502939463
-0.0614464854561954
1.30036010419476
0.134165597213478
-0.0734806374076727
-0.0333213429541188
-0.650235542855682
2.75168930387309
1.08721410460569
1.12052609330035
0.0854084398448405
-1.53540205105111
2.51118797027301
1.53273846111017
0.993102830616915
-0.351890225759716
0.579479229702188
2.07865706987491
0.33994708921768
1.50050453678881
0.138404865243784
1.31558807997251
2.07644487138848
0.572802064005155
0.42589789751685
0.971030704688068
1.55132285501557
-0.257081065141197
1.79745960471101
-1.75316842239562
0.328282662885964
1.79362227294755
3.21623358643229
0.702649811618304
0.855871455197078
0.0520526372514269
1.72555251553394
0.812956657751726
1.76849028530871
0.635924547152492
-0.202024373852679
2.00293352443702
1.39815340297453
-2.77691479142914
0.00514713558827229
0.550849553184807
-0.680572752325497
1.83684394567634
-1.9228918468656
0.689758294079813
1.72162813192113
-0.138287298407896
1.09304757965258
1.29866832167097
1.52197547828604
1.16563363579348
2.12494808826353
2.22957986267818
1.55725953699964
-0.0726821450827092
-0.664184622180693
-0.0445464335812198
1.32789185440886
1.26340705000383
0.887040124980307
1.88999770383822
0.559526945285803
-0.254391355361768
2.5839299145232
0.187079322845455
0.0828408728731859
0.571471679919584
0.508776425121686
1.59420511738903
0.536047066119239
1.51522774498596
0.777278527073301
-0.0352253158351497
0.522322687664068
0.381909673464988
1.82297782422703
0.0589946308190745
2.91733823919918
1.21221606783162
0.701969452805416
0.412693626104423
1.4944618301328
0.676281578750699
0.268877984799869
